2399,-374,5645,-1359,-887,-4847,-1327,751,601,-1804,170,923,-43,2136,-208,1204,3287,1224,1233,-15,575,-2146,-1029,-2651,58,-1694,-1120,3189,289,1053,-1605,-368,-2176,1496,-2152,-691,-597,621,-1144,2035,332,1704,799,-902,-1575,477,-721,298,-1711,2830,1815,-1639,881,1342,43,564,-284,940,-3777,1963,-423,-126,-382,-331,682,-1424,389,108,-361,942,150,279,-445,403,-1960,-984,-1520,-1260,-2321,-1869,-1784,552,-2949,-1072,-1336,1211,-1942,2516,-3762,-889,-1538,-966,407,201,-2260,-233,685,-693,-1231,4525,
-570,-2482,400,171,-51,2457,609,-818,-394,707,-346,-621,-1463,55,-1047,-585,-348,77,3201,-2093,1078,408,-1304,1285,-2256,-1650,-145,-264,405,3011,-1262,-2363,-131,-1339,1603,-216,885,590,-185,-148,1016,543,-445,1162,231,-1976,258,305,941,-331,980,2350,1222,2086,628,-172,-704,-3089,-187,2006,-418,-1098,1618,-490,-576,856,-720,-63,352,-886,-948,479,-3480,-250,-392,619,874,2731,-78,-718,-1669,3523,652,2470,3448,1099,1044,-1744,415,658,134,-211,-467,1582,1045,111,-663,-145,0,1971,
-441,-492,-1388,184,112,-135,1248,-831,-1492,-4254,-51,169,2283,-1442,-2925,-395,3080,2613,-3526,1936,-35,-868,-2113,-323,-2466,-161,-587,1938,1682,-1510,-1101,1797,-881,509,1685,-744,442,579,58,-576,-56,1049,-1368,-13,1129,-320,705,-115,-1500,-453,-153,3124,-815,-225,-375,593,-2945,599,1178,-3587,606,-1314,704,4033,-417,-14,2084,360,346,-695,1802,-193,-3586,2023,228,1924,-2318,-1749,-555,629,1567,-3428,1305,-2089,593,-394,338,570,200,1558,-346,-388,-86,-1855,184,-13,-521,2138,624,-655,
831,-2010,-2508,603,1012,3880,1564,975,-2227,136,399,1091,-389,-2504,3025,-1636,-177,-2316,57,2202,-960,-3663,1822,-1575,1266,-324,1108,-2120,-111,76,494,740,764,731,101,-1340,-258,3927,825,-1724,654,509,936,-1678,1230,1161,-477,1838,2445,-927,-2017,-70,-2773,-1667,1515,-2728,261,138,968,-2142,-989,83,-1377,2087,1039,8,-206,1624,62,-374,1119,-542,1244,271,3108,-1316,2134,-1304,-283,733,-262,1220,1368,2134,-2732,-1432,1018,-1227,2163,-225,1866,-466,-276,-586,-23,2306,2549,-394,2883,-4232,
2588,-495,-1697,-1273,-152,323,1175,-27,-1142,-686,-1414,-69,-601,-1036,1687,-1148,908,160,-314,-141,178,-1006,-330,206,1478,-699,769,1643,-1846,723,2041,-1727,1503,2135,-975,-354,491,2782,975,464,-151,-2416,-1654,-3141,-1320,42,421,-2176,-3179,-1792,-865,-173,576,-1680,1084,-638,1090,1358,-152,-2629,-934,1088,-2587,-1112,-1900,2721,-752,610,-422,282,-3445,-3778,1231,-1381,19,2648,14,-624,-1454,-1291,284,-1598,78,-1107,772,-57,-487,708,-1536,797,1744,33,1775,1142,1415,2166,409,289,-959,-543,
406,-862,1988,-991,-1391,-2998,1710,2280,-344,351,2011,388,-3297,1298,-2644,-1740,-250,-2455,1022,-1118,-183,3225,3651,-1452,1979,-243,1443,-1508,-451,697,744,1782,4227,266,-1583,1047,-701,-987,1051,2367,1124,-685,1043,3480,-1577,535,-786,466,2327,-1762,13,-51,-355,-138,2654,1374,20,-340,1439,2816,-2298,-796,-2672,-4154,-2074,254,-439,996,517,492,-190,375,-1144,1520,793,803,-752,2398,-2380,83,-2872,296,-1214,-3270,1604,290,958,-1472,723,-759,3518,-2146,-2669,-2510,1497,-1371,644,-994,2932,1046,
1699,-1968,652,501,294,-60,-2198,1917,-104,149,-1258,-1023,260,728,639,3106,-1946,-2588,-677,-221,642,1099,2304,384,372,943,-40,-2551,-865,-4256,2405,652,107,2554,-442,3635,-1116,124,-318,329,3139,-1681,417,-2191,-1600,-231,-1411,-687,671,-275,690,-1068,-1296,71,234,2126,-1062,2216,1312,-974,-1222,52,-1130,-1768,852,-563,212,180,-460,-135,593,-502,4862,669,-614,526,-781,-2010,-495,1029,1490,-63,431,-1410,-3,-1665,-2411,810,95,-1812,413,1225,553,2404,714,197,-831,745,-1068,-1234,
21,-76,1580,1752,405,479,1440,-5846,-648,812,929,-998,-118,-1280,993,1620,385,-2844,-1217,673,-2513,788,387,-1837,1011,263,-591,-13,-609,-2251,1351,2933,284,-44,-1716,648,1425,-1347,41,-400,-1895,-1148,-1284,-2807,-1857,52,-1498,456,290,-23,515,-1195,-279,-1205,-848,-710,-1620,-1002,-442,-1083,-810,1139,-588,-1476,-1233,179,-1233,-953,289,-74,1199,893,1481,1053,-746,-1286,-1420,-1126,1906,2576,-80,-1292,-1153,44,-1100,-1679,2096,645,-1929,-2598,1697,1293,-462,35,-78,1393,1166,851,2327,930,
-2229,-1390,373,-127,840,336,500,1900,-3989,-509,44,383,-2449,549,-788,-68,2671,-606,62,-2394,1062,-1241,-1643,-1673,-1389,-1488,-661,1841,-1349,303,-1261,-329,1597,1613,-592,-1440,1434,1104,220,-130,2316,2746,1672,-350,1033,-1562,1612,177,977,-216,-31,366,2466,175,1208,-1093,226,259,760,2216,63,-565,-788,678,3237,331,-602,-1110,883,692,1458,-680,19,-991,-811,-148,-87,2907,-243,531,1518,1751,1635,1947,55,1304,-704,-1425,-190,1044,1294,-2159,-798,-1794,-1422,79,1062,-628,1196,2612,
-382,619,1135,-653,-605,-95,1429,728,53,-2007,445,2488,-215,734,-823,-266,-240,541,2575,367,-266,1286,-719,-1320,-2099,842,3959,-3160,-1295,903,1544,1029,379,-1229,1113,2075,1185,821,1189,-87,-1677,-1660,3216,2385,-1692,2240,13,-507,-697,1057,1720,297,-130,1066,-774,-1460,-2772,-1922,1778,3879,3171,267,2694,-1061,-1564,-1176,-907,2130,776,-1405,-610,2008,-2032,1942,2964,-1822,-647,-1950,112,2648,-862,1809,44,-2719,869,-2014,-446,-569,-554,-1577,1570,-11,-1849,-1703,1263,12,148,-1007,1127,-1063,
431,1464,2461,-1216,354,-1390,358,-2414,532,-370,-3615,2257,1083,-530,-662,-1665,2095,13,-1132,2880,1615,1736,50,2253,-1414,311,-914,-1139,2514,33,679,1614,1550,-2459,844,-358,-499,-3782,-1548,1492,-2380,-1097,375,3360,-607,615,966,968,1156,1087,793,428,186,1207,-2283,750,-1728,-802,1382,-1628,1208,172,1236,235,-1152,543,907,182,140,-1560,1520,316,-5177,1627,470,1155,515,-406,-60,-1050,-1966,-2383,-1328,-418,-416,1304,-190,963,-179,-214,-298,1384,-657,-1324,2521,-2659,1518,668,349,-1684,
-686,-528,-1469,-836,361,-1415,1690,-2123,2048,396,763,-3789,-81,-1069,-795,596,612,-1238,-1690,1479,550,1782,58,62,-1702,1152,1495,-1200,-1797,-2225,-1553,170,153,-2928,-175,-1204,-1131,-2684,-1776,723,-1064,2023,-130,1711,17,257,955,960,1076,861,-1657,951,-129,576,-814,-743,125,-1525,585,1311,171,-1433,-500,1821,4,-1465,-1244,359,-48,938,2303,1560,-1578,73,-827,-598,1616,1537,-137,450,-1505,581,90,100,-1584,-1032,1941,1569,729,769,-814,837,-13,329,-1266,-3399,1870,839,-708,-1371,
1530,-412,-1353,1468,-1099,3004,383,-232,571,-228,233,3384,-3985,449,-950,-2110,750,1712,1866,-2516,-1572,-459,-2756,230,-995,-450,20,2936,-263,149,249,-1047,-1523,489,-847,-1234,1247,3238,1393,1350,1473,-1795,546,3274,-192,-1076,964,1417,804,35,1392,1037,1619,-850,1395,-356,-3753,-261,78,-217,589,1284,-239,2206,-847,1078,-106,813,-1722,-475,-836,-1763,513,2617,382,515,-926,1019,-404,-631,2883,447,-714,-721,63,2133,-1274,23,-320,-525,1429,713,450,102,-1148,-3387,-910,-1922,2737,2024,
-2139,-444,2653,1724,23,-1204,-417,-692,-1430,-54,747,268,-544,-3527,-756,139,2655,-331,-220,-2950,-45,1498,-2465,-2631,-1400,-2068,-686,966,-2914,1912,-2512,-184,-1054,58,194,-2902,1727,503,667,103,4225,2617,734,-1309,-722,-669,-275,1581,1455,-871,887,16,777,-1726,-6,-1127,19,-2006,-220,1265,-2310,237,-565,-1028,932,-501,-948,-1009,952,1057,-163,169,1764,1061,1060,490,607,2239,-715,569,462,747,14,1896,-623,848,1338,-1426,711,-873,2246,-111,-389,-1541,-3341,938,1352,112,2004,3252,
1128,1243,2713,-2521,-1540,1551,-2141,-821,969,942,617,-229,132,688,-1447,531,336,1306,2392,552,-1350,575,-1610,-405,-117,447,534,71,-203,112,624,1862,-1052,-2684,4024,357,791,1453,341,1772,-1006,-1934,2496,1911,490,533,-1008,773,754,816,-176,155,1095,-617,-545,-66,820,-3194,-416,-365,4057,2323,5157,-4508,-593,960,-212,-2193,1464,-1062,190,-627,-1464,-1868,-3593,-1167,-560,-3152,414,1430,-8,729,187,-3245,787,57,-592,-1754,-1569,-48,932,710,-1043,232,35,1293,298,-1040,2182,484,
-1044,-1114,-1559,2589,-523,321,-1042,894,-2696,1770,859,1020,-1835,332,-1664,-3043,-1099,-1044,1116,-1625,-2291,-4001,-2253,1326,4415,-2021,370,2792,-3128,-6,-420,536,-1676,4141,-941,-1114,1158,1005,730,469,3905,792,546,-1683,1001,739,-978,508,-2930,-1134,-1131,475,714,-1415,2165,356,-819,1679,-1815,-630,-1148,485,-2510,759,479,-339,1045,-1866,750,2609,-50,-2243,1674,-2255,-485,-184,-682,1222,1395,-1056,1983,1301,-60,262,26,-308,341,-1680,221,-593,2817,-252,482,-132,-3870,4093,704,557,1602,1084,
119,-1890,-1252,-928,763,-250,1260,1931,-2097,-1607,-624,-1,-1606,-1295,584,798,-1544,1741,-2628,1665,-344,-516,132,1757,1331,702,703,1168,1615,-175,1500,812,-71,2073,-259,41,754,120,338,-15,374,-2193,1384,-2075,2095,-552,-771,-159,1215,2118,-3449,756,-150,-156,780,58,2196,545,1977,-2639,521,-1268,-2226,129,-887,733,-1207,385,-414,153,-155,-1762,1414,-88,-3639,439,114,-5328,184,-1118,666,-3502,-133,-5513,-1122,-1553,-560,-2586,-1612,-19,2770,-337,3772,571,76,-883,562,3188,-520,249,
1337,2135,-778,-861,-666,-693,-1724,1155,43,232,110,-84,-1621,1298,810,-1308,1902,2142,857,1127,-1322,-90,-5384,-2644,-367,-55,235,-2334,-572,-784,2138,2118,-708,-3300,1095,-345,2074,-1555,935,-547,-3055,1031,-981,297,53,1317,-2464,3773,1811,2550,1428,105,-639,3470,949,-234,-988,275,-855,203,1135,810,-362,105,1380,-3530,-316,-625,1012,-1541,791,811,-1252,2227,2512,-3087,-332,-4110,2714,-1726,631,1025,-1269,-38,1211,-818,752,-1751,-235,-2472,1720,-50,571,-1931,978,690,720,-728,3759,-885,
-1854,100,1613,767,268,-331,1095,201,34,-1498,1013,323,-1323,-330,-2343,-715,1506,-2568,838,-3203,-545,2556,1087,1121,-2311,765,1087,1064,-75,-1130,-788,-1819,1845,-4088,-1458,-659,-1900,600,363,864,430,239,-1580,1221,1533,-66,1014,1097,100,-2185,706,844,282,-842,-2028,-470,-1977,-4399,1008,2816,2891,-1297,1844,162,-35,1872,-461,-792,294,-1081,1830,1388,-1805,1498,1009,2549,179,1903,-1463,3396,-2163,-234,-229,1108,-1978,662,-147,782,71,1101,2170,903,-4110,-536,1770,-1933,778,1237,-299,1716,
1305,-19,3640,-919,-539,2094,2829,2074,-1043,1145,-170,-2909,109,492,-144,2157,-1740,-1308,1367,-2248,-1091,4,1690,257,-1623,1352,1530,-1209,-2439,-332,1467,2207,1150,-2209,-2347,616,-690,1836,426,1132,1459,-2813,1669,1950,-2311,282,-774,-434,-250,-1086,198,1560,-1595,-921,597,-1499,-2046,-2091,451,-197,1053,4001,532,-470,-4100,1100,1603,675,648,369,1139,-377,296,4472,3318,-60,-1423,667,1823,1042,1186,-1080,-167,927,542,-2932,280,-949,379,-2300,1165,2375,-1109,143,1803,-1121,737,568,537,141,
-759,-241,3041,-1898,1557,-536,-326,1424,-511,-1286,-2394,-80,2536,40,1454,715,-1146,-569,-486,2917,-3843,-1751,-328,4202,822,1689,-123,929,424,1479,2375,-310,-2872,943,-889,1759,-1223,2774,502,-2468,-2226,-1844,2015,-2267,-1286,495,-681,920,-1377,1195,475,-1569,-86,-152,427,1700,1088,-577,-3104,-1486,628,-84,23,297,-1259,25,1285,1259,151,-1291,-297,-1283,382,-1582,-1175,1031,-2316,-2176,1546,-529,248,-775,466,-1208,324,-1907,-1311,-636,-2600,1265,1286,1792,237,1059,1443,784,-2009,1634,-2881,371,
2125,-1964,3896,980,1411,-317,-2717,-2890,-1347,1377,-1139,990,-1495,-891,-901,774,587,1143,-651,-342,2409,-3852,-1032,1020,-2518,-668,-2843,3297,1662,1082,90,-2453,-1451,1055,2536,-1844,1956,2169,-1527,-328,1789,929,-2165,-1218,1221,2262,-904,-318,-1036,-224,2052,-586,1904,-288,937,-662,-2393,2148,-962,-2855,-2574,-323,-1108,693,-269,-460,1685,-27,-933,1028,-4411,-930,141,3611,-1145,3298,361,0,-3049,-4403,-1541,-122,2687,-845,435,1185,-1357,1985,-1082,-32,1579,106,-1180,1352,-1181,4404,1975,1470,-959,1142,
376,2146,2051,1175,-435,-1727,-3273,-1720,3268,-2344,-2520,637,2883,2910,-743,1991,282,-362,1116,-2337,-2185,-1834,-1988,-221,-383,-1406,-1086,1719,-1591,615,-323,578,-1661,-1351,1840,148,-1621,619,-397,2219,-36,2034,-797,463,-1450,-516,-1455,-397,-3492,251,3504,-1817,1304,861,-3403,231,-3171,-4478,-2160,-805,1686,4172,2323,-418,546,2238,2846,169,-835,-30,134,2142,-887,-315,904,-8,-3183,331,2419,-1066,78,1700,-4777,3936,1123,3628,-2558,889,-1718,-1214,-5249,-714,268,2271,2022,1587,-2218,-2864,-2972,2962,
1135,-1026,2989,379,-2672,634,253,4689,-328,301,274,-589,500,-1019,3401,-1373,2369,3420,-1405,3691,2400,-1051,4255,614,1744,1424,528,-1019,1172,2460,-2184,4713,394,-587,-3012,414,128,2031,-741,1026,-379,-438,-687,-2951,-1724,1599,1459,3732,2118,-790,-118,130,2138,318,713,-907,562,102,2070,-1039,-2183,1130,-487,309,-1172,-546,-1861,-443,1235,817,-410,53,-1097,1470,3152,-1536,355,-401,-1139,2111,99,-2697,-191,1756,623,-514,2163,634,1729,200,713,-459,2189,-3349,-36,-733,264,196,1274,-40,
-103,1518,-796,-2010,329,328,-1296,-928,4,1130,1223,236,-686,-97,1912,-2791,-1362,-2417,1668,332,364,2289,-224,-1389,-882,766,-600,-1718,1915,854,844,-3812,378,-1737,1646,192,-568,-1045,-414,1090,-3942,-544,-82,-234,1768,-247,-800,-1448,441,810,3151,-321,-1342,614,-562,-1775,3598,659,-1776,1094,-406,453,1444,-1677,978,2563,-1365,-1829,777,-1180,-743,1059,721,-527,-2871,-1070,1521,-1453,-2295,399,-428,3152,-203,-47,19,-394,-1878,-161,-3,-2075,-2224,514,194,-847,133,-371,-592,-1689,105,650,
117,2125,270,1903,100,-1515,-2494,-1046,3206,-3141,5,81,685,3027,-2510,1317,0,-890,1817,-1803,-1944,1950,-2465,148,-955,-334,236,499,-2088,-814,-1772,66,-2147,-2592,1342,-1267,-400,-2552,-265,2640,-1822,2610,-158,1242,-3643,-804,-400,-1688,-1507,265,2769,-78,-909,1101,-3096,1462,-1635,-1788,-1856,1325,562,1688,1096,-1751,2370,2230,1920,-261,-583,-755,2627,436,850,-896,709,-1537,-2714,-999,2298,986,-1585,3275,-2744,4527,369,2026,-2940,2391,354,-1682,-2622,68,-773,4213,1084,196,-670,-2062,-1071,2412,
-798,-904,690,207,815,-35,260,-318,74,-467,160,-1783,615,1447,-4540,45,-623,58,-1895,-1275,-1536,997,969,640,938,252,-2789,-2125,-2239,-2499,559,1058,648,1347,-1067,1156,-3168,-3364,-384,872,85,506,-723,177,-808,1154,-300,-139,-516,683,1496,-26,-1504,889,18,217,-1538,-1347,871,2292,826,2323,-321,466,-2080,-2744,-1274,159,5,-59,717,2267,1711,1335,139,-2928,-1043,880,2264,237,-3046,-726,-2177,-223,-1890,448,420,1174,114,-530,890,234,1062,1015,-1458,712,388,-667,-87,-360,
415,-886,22,-58,-1371,-1127,1229,932,-1449,-1890,-230,-331,1954,-1998,-523,-2543,-608,1933,-3787,3174,1043,-2965,736,2158,430,1231,495,883,782,699,1823,2027,1485,1820,-2603,714,1258,134,-975,-1571,502,-1273,1271,473,2618,-881,2222,2086,-2964,-1047,-2900,-423,1243,-408,709,259,1221,1466,184,-3193,-1957,-568,854,1914,-490,-610,1213,303,103,-874,-694,-889,-541,-1038,227,1075,1269,-1850,-1384,-611,560,-3675,137,-3517,-1422,-1375,675,-628,-2586,1962,-1473,1415,2462,-2309,-151,-761,710,120,-78,103,
13,1074,2494,1030,90,968,3714,2336,978,280,-41,808,1741,910,-1365,1739,-779,-343,-389,-357,-1440,-807,1405,821,-3392,11,848,381,-230,-1491,282,1170,-2178,-2862,-1055,-102,721,1366,643,-977,-866,-5393,570,-443,-362,128,113,301,170,1398,3114,-71,-1733,-711,-816,-1545,-3090,-3445,-392,337,2124,-873,2450,1625,-2629,1216,104,-42,131,-2902,676,643,-2546,1494,-621,-1056,-705,-218,-607,-920,-664,-3347,-1215,-1401,998,-2740,-91,908,1051,-1997,-49,3249,239,1945,1133,-2351,-1084,621,741,1970,
954,1396,1533,-1032,1494,-919,2440,-1634,475,-267,596,-1105,-315,1400,-1103,-984,-1498,-2203,880,-1097,-384,51,24,2604,-2679,930,108,-721,1046,-5889,-777,735,584,-3562,-971,-666,178,221,-136,-582,-2949,70,1413,3643,-56,63,-449,468,1529,-1264,713,-1034,870,887,-121,88,-1233,-1402,-1883,511,-2272,-664,665,452,-1913,220,-37,320,659,-1402,167,1198,-1433,1277,-1005,356,289,3791,-23,1591,-2729,41,-1427,-675,-276,-386,789,1274,334,-285,1007,2474,-2489,-2685,-527,-3008,-1555,329,-726,-1347,
-1584,529,-451,1664,-818,-332,-632,587,2305,-4757,105,-496,1733,2723,-2607,-884,-2310,-785,1034,-1751,-2814,1113,101,1390,-766,90,2008,-1874,-2068,-546,-367,1059,50,-1564,1586,-568,-1142,-4097,-817,84,47,3183,1378,1357,-399,-1202,-1420,-951,980,-587,801,-619,203,-1410,-2415,488,-107,-697,-460,1269,-1505,314,1044,-1009,4392,241,1180,-286,-1885,769,2303,539,233,-426,292,302,-1705,1760,1697,4308,-975,2539,-120,2307,-1727,790,-2259,398,653,-730,-838,-1396,-3326,2738,220,-340,-720,-2042,387,123,
-489,-675,-2710,-973,315,-2767,-1966,-1518,-390,-511,-756,-1041,580,-1033,861,1139,1136,-671,23,1582,-139,1506,2665,-3611,475,494,25,-508,-1853,-1136,-627,-4783,-1585,1916,-154,-720,-397,-4996,-440,2840,783,-1108,-1688,-63,161,-1269,2303,-1912,583,1079,-1070,-1143,-357,-486,411,1218,615,-2488,-111,1917,-786,2320,-3067,-1956,1087,2375,-105,341,-1595,618,-266,-69,1736,306,-4615,-788,1120,80,-1559,556,159,-1235,1010,-1416,-2348,-343,-688,-996,-258,179,687,1782,-1628,-1030,-218,1615,-617,-1424,340,-27,
-841,555,481,1366,463,-2451,-1756,-1471,-856,269,-1584,-1555,1046,535,-250,468,-540,-2938,-837,-490,-571,2950,2682,367,-934,2494,-2435,-348,-1589,-769,186,432,-7199,-1450,1400,1057,-916,-610,-600,696,-1289,1152,-1779,211,-901,1197,-1159,-469,-2484,-1256,-35,-524,-1225,2241,-1652,2764,59,-1833,1272,20,727,149,17,-2724,-424,1241,397,1098,-1038,-865,500,-624,857,47,1847,-545,-425,-1070,286,-242,436,302,-590,-1600,-973,1206,-1219,2305,-476,-309,-551,1274,-191,262,2088,-641,-1643,469,-1504,81,
-927,504,-4372,-2212,-959,-84,-2823,797,1354,-1800,795,2243,-226,583,-197,-537,-64,5397,-1103,2490,-2209,-32,-1742,-189,5303,1645,282,-931,-787,1900,-1930,603,-992,-1300,1962,21,-920,-6361,260,789,-788,1014,1569,547,-831,-302,484,2213,1197,1218,-946,-2950,1333,-526,-169,-787,-163,1702,-1749,88,-195,-231,743,-120,-98,-1622,1480,-646,-310,3203,357,691,482,-357,118,-663,292,695,-17,1017,-1837,1802,305,-2715,75,-1766,6,93,-499,-369,-244,-890,-1335,-1042,-874,-151,1422,55,1550,59,
673,-765,-773,556,-308,1690,1806,928,-2364,-44,1276,1663,-391,-1433,-792,-167,1551,-564,-301,1321,-596,-3254,-542,1571,-1796,-1483,1820,3156,2285,2643,-2870,-776,1202,-196,1536,-3911,3127,3835,123,-2485,1017,428,142,-711,428,196,458,1973,1431,-70,-1802,968,1538,-3787,771,-1740,-1490,193,-2188,-1412,-564,-1541,2432,2344,942,-2284,-64,2779,1262,-327,541,-1338,-4040,-1175,-1143,28,180,3284,947,-1528,-2147,143,1919,688,466,1366,-231,-1640,3078,2683,1902,-435,515,754,-3643,692,-170,2525,1161,-2270,
-1166,672,1367,885,-932,654,-45,-655,827,-194,211,388,-137,1614,-742,389,-1569,722,1150,-1122,-2777,723,-2894,54,-767,-524,-1481,-861,-2699,1803,-310,3353,-1728,-4030,1380,-175,340,-2691,-123,-7,-838,2354,1064,2631,-1832,-735,-1258,571,146,236,1350,-381,405,-1033,-45,-131,-3936,-1137,-3782,258,-1847,2084,-415,-79,2040,-881,-555,-590,162,-325,1580,1681,164,1696,645,-1936,-1891,-917,1359,258,-1546,4734,-1816,2317,708,-608,-1173,345,345,-1441,-1545,1156,-935,1370,-429,-350,586,-1370,1059,1798,
-2817,1441,418,-920,-71,137,2021,-1598,155,356,-527,-239,109,590,-1722,-1152,-958,-1952,2660,1533,-1190,-180,963,1386,220,1548,3762,-1027,-671,-2142,-691,334,1314,-2281,1375,-91,-5290,670,-1709,1290,-504,-951,-320,1741,430,58,1431,86,1104,-2237,284,-298,-739,-74,-1063,267,870,-1855,-1420,-1751,1572,-151,494,-928,-2397,1631,228,-374,-283,645,494,592,-2426,-1172,953,1527,-349,1683,1893,1618,-2079,-3130,520,3148,231,380,265,839,1273,-204,704,1745,-3008,-1800,2206,-2408,1361,521,-256,-2350,
-2477,-383,3302,-1427,19,-355,730,437,828,141,528,71,-1722,1651,840,1695,285,-534,-2293,-1432,500,318,-208,2008,-1310,-546,1204,2038,654,-711,29,3304,-295,3912,-575,527,-381,-1687,586,-77,-1591,248,598,-514,-1435,-2982,-1368,-1219,-58,355,-231,-231,-1636,-794,80,2407,-466,-3156,-1179,-3091,773,-1778,-210,-1388,-601,576,550,535,35,-629,-318,404,532,-204,-1048,2044,-1460,-795,1395,1057,-116,-2165,-922,-5834,-93,210,-1584,1273,-2058,593,2529,2123,428,580,490,582,-1826,2969,-328,2062,
-3391,1671,885,-285,-1499,1026,2199,1504,-836,-1536,-281,1683,-68,3160,-2847,-3362,-3249,-519,341,-902,-3011,1107,1144,-441,305,2094,29,-2280,1270,-27,-728,2879,381,-3489,-485,930,468,-1979,-762,-114,-620,1567,970,1454,811,-1285,-12,-108,382,-769,1066,-694,-1741,-1319,-886,327,-622,-1738,-3724,1626,-743,1404,-321,-875,-66,1057,-752,-1740,119,-192,1572,1456,248,1056,262,-428,-2361,-231,600,4197,-2091,780,22,2541,-2221,-692,-695,-921,1996,-1119,-1073,1765,-2404,-28,-150,-1207,-241,-2510,1283,1566,
-883,-2813,-2958,-28,2637,-599,833,2251,576,44,220,4,137,-363,-94,280,-623,-485,297,1683,2578,-1467,1642,-1932,515,-497,269,2202,1468,124,1173,-541,131,-2011,-245,-332,1055,72,323,-6896,1486,935,-813,-437,-1959,-166,979,-2393,-609,-192,1616,1867,1666,-759,584,732,1816,-7,-168,-779,550,171,-1088,813,432,-209,989,600,401,272,-1565,-1057,27,-696,1059,1041,1732,5365,118,124,189,464,1365,1549,457,-1085,50,-1090,-702,1851,-1075,-798,1107,255,1500,-668,1206,820,977,-1369,
-2032,-1524,-3632,610,-341,-4,-3364,443,-1255,-1267,198,595,41,983,-680,-1556,98,3853,-1285,1080,-1543,-1051,-1182,-524,4784,-155,-282,-181,-2560,1191,-1209,988,1977,3906,-487,1187,-1855,-3393,593,664,-2798,2266,146,-866,620,-552,-228,9,221,766,-2643,-1206,772,173,-963,101,2041,1594,724,-341,-1788,-362,-2764,384,2855,1123,247,-1064,-1293,3660,35,-195,1714,-1445,-1016,1730,-222,2425,-498,355,-879,2969,589,-632,-599,-1236,563,-21,-608,435,347,-2289,354,-512,-771,1819,509,-1031,212,-1602,
-689,1784,-1753,1804,1430,1174,-98,-1410,-667,563,637,1499,-652,-1573,184,-1269,771,-311,-1620,1561,733,-1210,2876,1064,82,-560,-903,529,3132,511,-2922,-1894,-427,-52,778,-2458,-11,190,-2065,301,-841,1842,1850,-138,775,-2153,938,-596,-416,-991,-433,-82,2753,-654,-377,275,1960,603,-1176,-1430,-1768,-1983,359,1220,-2720,1479,227,-1097,-175,-501,-337,-637,149,-2968,-2018,948,2449,4043,-716,-2086,-553,-789,195,2238,-717,734,166,-1779,1587,574,1270,-2076,3083,1475,-3753,1021,-489,723,-762,-400,
-4320,711,1917,-256,300,-1833,-1559,2062,1128,-821,579,-1970,1323,2414,-5084,2332,-591,-1773,611,-617,-1522,980,236,-1397,-17,420,65,-1945,-1016,-2611,-2191,1467,-515,-910,1230,301,-1667,-1487,-1233,943,297,3012,-288,-1047,-618,253,-854,-1130,2345,14,2480,-439,-3016,321,-1113,1017,-495,-284,1331,2530,859,516,1230,-1314,1697,131,1468,-921,-61,-171,3427,1779,415,-1063,2245,-1322,-1275,1794,1116,3109,-965,1644,1383,2152,-529,175,306,1579,1379,-63,-299,1587,-1970,-614,-645,-1950,-1123,-1179,-352,-1148,
-2652,-2440,-2018,-86,58,-2326,916,1112,652,126,-2922,1100,1785,1913,-833,2819,1186,1142,-221,-695,1390,155,-730,-2501,458,177,760,-669,736,-1638,-460,752,-287,1470,1152,-146,-1810,-1600,-438,651,1520,5385,481,-1906,-2280,1503,1310,132,-1293,1277,-1451,2940,111,1740,-1112,524,-419,454,2173,3176,591,-2869,-1687,1044,4106,-4046,505,326,1741,-498,591,-1041,516,240,2341,-2175,28,679,-1515,-1451,532,3979,2404,655,-217,863,-272,494,265,901,1055,-1642,477,-1090,-1752,167,-2229,189,-1176,-1091,
855,-536,1343,-2304,642,1176,-832,1489,-299,-1911,1035,-688,-924,459,-1718,-585,-1805,1503,-1902,1010,1589,-47,1413,4392,-1975,1096,-256,394,2143,-849,-1302,-3205,3189,802,684,1351,-1029,0,-1770,-319,-3137,-3073,1123,302,-4921,712,784,-871,-721,-275,-983,104,1091,-1172,-2281,1696,-238,1139,-2683,-810,2125,-673,2284,1454,415,-386,154,1497,275,-1493,-32,2065,-3667,1302,-503,558,-682,-302,-2690,1288,-3844,-1035,906,-1273,1271,537,-1605,1492,1082,1544,425,1335,-1837,1847,819,-1254,-2405,-1421,374,-3014,
143,1175,2788,64,-410,-3569,-1100,-1704,3419,-475,-1335,-1378,-39,3358,-1496,2310,2808,-1074,2516,-949,1340,3692,-1761,-177,-2440,-1278,-1333,3778,-2181,-743,2401,-451,-1014,-979,129,-1105,-1169,1756,-2682,3590,1159,635,-1671,512,-1939,934,-1679,-1494,-1866,1347,4277,1166,224,2525,-3070,3090,-308,-390,-2550,1333,562,1923,-134,-1447,-433,-427,1626,-2707,-957,-41,-876,1622,261,-433,-1120,1100,-2025,-3326,-1041,-891,633,-495,-2233,-1965,482,417,-2134,1833,-2603,-1495,-2559,186,-876,1607,1559,-1066,-1484,-1238,-3318,4653,
-814,1950,-1532,-1584,-300,977,3578,-165,-2350,-240,-1723,-3310,40,651,-255,509,395,1174,-1549,2139,-1198,493,1758,2710,1444,43,-420,-2928,-1090,-682,1820,-2025,-367,-1872,-1805,921,-969,-1039,-161,522,-390,-371,908,-914,-392,46,-4655,738,-1278,1106,-1272,234,-1938,2218,-479,1692,1230,-2092,309,1880,-1077,1660,-2559,-2900,-1424,-2738,-849,-283,-1445,-1128,521,1770,2,-1288,-929,-2338,812,824,2209,-1309,-957,382,-2367,-344,-734,1113,-674,1194,-651,-1504,176,-392,1618,3382,-987,1433,-657,-1351,-2202,-1180,
517,2240,2163,-2186,-97,852,1850,470,361,1001,-609,-4487,-520,-215,-2456,489,617,-2436,-1836,1481,-1056,621,-2509,848,-1711,802,224,-2066,-786,-836,829,831,1116,-1646,-225,316,-1179,1528,321,785,-155,1278,129,663,-35,1447,-218,-2055,122,223,-751,1769,-1505,934,-517,-256,-969,-3598,2813,407,2198,-634,2484,132,2192,-414,374,-211,403,1065,1640,-4,-866,669,4634,-2598,-1304,-1802,326,-261,-2140,2122,-1332,-390,534,650,-616,-1418,-117,-1479,816,-451,-700,679,2391,-926,1868,-947,202,-1338,
415,-1456,-3184,-1860,214,-2062,-66,104,-447,53,-286,-111,521,-118,-2821,184,-108,-1312,-1472,2278,178,2310,2827,-1081,711,948,1617,-1771,-2750,-942,1379,377,1457,-1297,-900,654,-2747,432,-443,1908,225,-1672,-2284,1533,-1096,389,-444,-731,-5347,-446,-673,-1515,-1350,-58,1231,2046,663,-2164,4384,1401,-165,-632,30,920,-406,1560,-988,460,-214,1428,-585,-1048,324,2016,-2656,580,120,-804,-111,-1385,-319,1187,-95,534,2887,-534,503,706,1022,-858,1023,-1041,-1407,2590,2564,-1170,-466,545,-1394,-3452,
-1930,-2125,-1724,306,-233,2670,-336,1148,-1853,3911,57,45,-1572,-3640,4259,-1282,784,-183,1903,1241,3454,654,906,-665,1291,-724,564,140,-311,1560,39,-1319,499,1086,1197,144,1568,1629,2249,-691,492,497,1002,-2427,-249,-1343,417,-374,286,-1728,-2710,-460,-1474,936,2809,949,1906,2647,1689,-2251,-1036,-850,-3191,-1047,207,1686,-2464,-1190,1979,-1582,-1652,-3134,1522,-1184,110,1021,-222,-1313,-864,110,3703,-2338,5384,-1247,1120,-1401,1413,-2225,269,695,840,705,-97,-1156,322,2318,1991,789,2654,-4049,
-1760,-1309,776,2070,142,-1927,2870,-891,282,-630,339,-989,-2980,-1478,-1236,846,1425,1351,1953,-3056,857,-325,-971,624,-3077,-2342,-945,1603,-4264,1644,-1265,729,-898,886,-404,-293,356,2857,-1900,-818,2225,1721,-1657,-205,378,-1371,-1241,195,-1303,-1034,-3613,332,1763,-1800,1605,-1058,-1569,760,-1256,2396,-597,-54,-1879,2626,414,189,-316,-454,940,-355,365,570,-599,-228,2385,610,282,2495,800,-18,406,261,-677,1920,840,-339,-1677,-128,-200,1082,1009,-1253,-320,-609,-1793,-264,257,1285,1700,3661,
396,-1354,-2550,-847,612,1215,699,1182,-753,-1015,-1057,339,805,336,1036,1424,644,1158,-4266,-356,-261,-2461,-117,636,1329,792,471,-811,-2261,-499,189,1557,269,2655,-1791,802,-409,3432,-9,-1304,1713,978,-505,-1329,-1319,-50,858,696,1067,164,-833,-827,-1941,1390,-633,893,1449,-923,1786,30,-684,-3213,-742,781,1656,-2174,913,2141,-605,1067,-528,-487,1704,596,456,-1142,-193,-448,-342,965,509,696,1576,824,-601,-1650,43,-844,925,216,1027,-1381,464,1881,-167,-496,28,-619,-981,-1824,
1882,-919,-149,-1291,-859,1333,85,1167,708,582,2138,810,-154,-1704,1661,-2028,2911,1686,-2661,2193,1765,-527,191,-1963,401,904,-144,623,978,458,188,1724,-189,-135,-3265,-350,592,3874,1002,-787,-888,-1217,928,237,216,1163,1404,4232,1852,1776,-2272,2050,2248,883,152,-1446,-897,-224,1457,1311,1233,-141,-2357,1427,331,-2045,-1045,-472,1284,172,296,-485,-1752,-449,569,-1321,1608,-3267,-223,-2176,-451,-823,-367,-991,144,-632,599,-565,-441,341,802,-390,1748,-4168,52,-1355,555,662,763,35,
-109,-3705,-252,238,478,1020,-461,219,-1622,4122,941,876,-347,-2485,309,456,-17,-583,256,-934,678,-760,-1070,-767,-262,-428,1154,-160,-1606,538,57,-1612,-153,4952,2226,315,355,1230,1829,-669,2241,-700,1071,-2171,-1946,981,14,-436,2101,-1985,-1407,372,845,-2310,1879,893,881,-223,1441,-1187,-163,-1206,1100,-539,1937,589,-658,579,326,1009,-1991,-2829,1550,278,-533,116,119,2127,-557,-482,1343,-961,3145,-1001,729,-729,88,326,-1222,527,5574,-1726,-798,-381,-1136,2652,125,1413,1089,-1311,
1783,1029,1339,-913,-573,-940,-3649,-1293,-978,1267,1131,1715,343,374,-412,-900,-308,-1809,821,3976,-1101,-531,-535,661,661,360,938,-3566,1149,15,-1803,1678,373,-873,2370,489,2219,-1399,-1022,-170,226,-2063,1767,794,777,2064,1195,898,19,786,595,-772,-2229,138,-5457,796,1057,-1010,1203,981,634,-230,1877,1623,-2031,-2260,2,-781,2391,1864,2170,530,-529,2384,-461,-1199,248,-2027,-2047,-1541,1425,-779,558,-516,-1066,348,1408,-476,1654,-301,-563,458,735,-1136,-101,-1007,925,-785,-904,-1106,
-158,-1071,1321,1190,-39,-704,-1535,1600,1667,-1296,-1232,2755,-391,-899,1560,-284,-53,705,1372,-366,-601,-961,-900,-409,663,-1304,-359,2730,1295,903,-156,-2000,-991,2369,1864,-591,653,1762,1769,-685,2,-1458,-845,-1543,-465,1205,212,-1490,-826,-1360,1660,-682,1791,-1305,1026,-5134,-2625,581,22,-1762,634,1097,1135,-488,82,408,830,1095,-1558,630,-3008,-735,1910,203,-258,2093,-1755,-1562,8,-548,1732,-1213,168,-1110,-594,703,-1165,-599,-1496,-160,1693,-497,-449,590,582,1342,486,680,1852,629,
-876,2331,480,-870,-857,97,11,-1992,511,1259,166,-1747,1229,464,-115,-831,-890,-1055,3794,282,-542,1345,1162,1156,141,398,533,543,3628,277,-98,-1178,1681,-1062,2325,2355,-506,-1682,99,-276,-3917,-2438,387,-216,424,965,425,-738,-2077,-336,1770,-1582,1325,-1016,1199,1648,-235,2020,-2843,-649,1944,3153,2773,-2078,-1946,1013,1866,-708,-725,-1290,-1341,-76,-1411,-1437,-1961,860,-212,-3455,633,1567,-1193,-2552,-446,1674,2207,-412,-1362,756,-1019,1318,352,1503,-729,1522,1433,1495,-2056,-39,102,-89,
680,-981,-1033,313,53,121,792,-95,564,2128,-11,2555,288,-2901,-425,-4825,590,-339,-1032,1139,885,-477,-1934,-1230,46,-75,-696,756,1194,-111,651,3686,-1169,-1913,3,-1878,2476,1129,-439,357,-3289,-518,1056,1261,-1298,-1458,719,860,1159,3058,-2371,3037,866,-1021,2980,315,-1648,-1220,-556,80,-1974,1208,-193,2318,680,78,-1347,1427,92,-1761,646,-1885,-1515,913,2324,657,776,-1844,-715,-1303,2477,4729,962,83,-940,140,-1027,-2579,-701,-713,-60,-131,2593,-3671,-798,-2068,-1479,740,2326,108,
2103,-745,-3837,-954,-2132,-1008,112,2205,-3081,-682,-3322,563,-575,-144,1886,372,668,1816,-1016,-636,-842,-90,-1148,-3159,3990,813,154,-1618,603,-332,-160,-33,1292,2075,-533,1169,622,-633,645,-990,281,-1520,-287,-1161,-149,1546,645,-2199,-1720,708,648,-1464,-1144,140,1425,375,2241,876,-1141,-741,-147,-801,-1713,-743,-838,1793,-779,-1535,-313,2489,-550,-2112,4963,-118,477,692,2844,-307,-2281,1191,1627,300,-1643,-5167,507,-756,-29,-1283,7,694,146,-2740,911,-588,-848,2285,-711,1217,-530,-33,
1409,-703,-871,2340,884,559,-1058,-110,-1061,7,-386,886,-238,-631,3023,2679,153,2632,-2324,1493,1735,-542,1019,1362,2590,-411,-510,855,2143,1076,-2466,-1307,-957,-271,509,494,636,1286,-883,1416,-1368,-110,-1801,-1964,2274,-249,402,-820,-1045,-941,-1755,-10,346,328,-623,89,2190,436,192,-3397,2367,-3197,0,2121,-1950,324,-1014,833,-439,636,-700,-671,110,2182,-713,204,1368,-1126,-1601,-1364,-930,-3299,-33,-1447,-302,1721,1198,279,-13,1823,-967,-672,2688,1868,-1610,1144,-421,1378,-1944,-1022,
2826,-3714,411,-1618,-1243,2961,2580,-1440,-755,757,498,637,-2421,-3525,-868,-4795,2185,5164,-4094,-507,1832,555,-1510,2316,-881,-3,-377,-1090,2384,964,585,625,2620,147,-1927,-953,1724,1536,1255,-289,437,-1164,1380,156,1961,1283,1730,1888,-146,2573,-1669,2953,-7,-455,-379,-2535,-2740,1772,-1367,-1366,-1325,-1007,-2311,2853,2326,-836,-505,-380,-2762,-353,-880,-1680,-158,3059,1310,17,2523,-3765,-2677,-1221,1893,797,2452,-4449,-617,946,867,-855,52,-87,272,-52,2769,-421,-2420,1101,-612,391,2833,1849,
657,-1217,1264,1773,-768,2146,1573,328,-654,-453,1030,3560,-682,-1008,-947,-2496,413,1715,797,-65,-1021,-853,-1943,-9,265,-1184,-422,951,1511,3985,368,914,0,-130,-596,544,1001,1792,1911,-1345,-1667,832,-502,527,2395,-643,75,703,-716,1067,-649,381,947,600,2406,-888,-1602,2492,-1705,-514,-1125,-4539,50,2209,-1681,-175,-1156,-187,-630,-561,1612,-1243,-1226,960,1739,-40,-85,1250,-1336,-638,818,-807,-46,1257,2099,1363,646,-2936,-147,927,807,84,1045,-3263,103,1305,1326,587,2329,1964,
1133,-2635,1032,1749,-818,2080,806,2992,-583,-1235,2423,-66,413,-133,-1756,106,1443,719,-312,-591,1687,-423,1383,50,-1936,1784,532,-347,322,1074,-524,2526,260,66,-857,422,-962,826,5,19,2353,47,626,2478,-1415,-1558,-1640,-437,-505,219,-1426,-258,557,218,-1041,172,-1782,-1421,-295,-1243,1572,1712,-8713,1944,-499,-199,146,2137,-630,772,167,-1074,-669,4082,2234,3199,1586,3548,592,-1742,-694,-2461,1039,-261,2437,-1406,-9,841,455,-787,710,660,-297,-176,-15,-1170,471,491,-945,204,
1225,-238,729,-1902,1248,116,-1054,606,1023,-1015,-2110,-1480,-106,2257,1259,-192,-561,-2665,-3014,-1313,-999,-1731,637,614,943,1378,412,1,-1969,-3365,236,240,1403,2173,-1640,-1668,-790,-103,-744,857,1797,-243,252,-1206,-3028,-1220,275,-1514,-1997,-322,-918,1289,-1836,1092,-1314,-315,345,1547,2093,2228,-2029,617,-291,-2635,3,336,-759,664,544,2107,767,-1845,2408,-2004,147,-2199,12,-278,1028,628,-1033,-1920,-271,2051,87,-697,135,711,-488,93,-922,311,366,3360,-1528,-1037,-874,-627,-877,-953,
1360,2034,-1527,2511,757,-3151,-1696,-507,2456,1326,-842,-963,1522,-4,-1260,1242,649,-3187,643,-174,-2117,-472,-1269,-1261,1337,1053,850,555,-2173,-515,645,-448,444,-303,1491,170,-1505,-4215,-383,-333,1646,87,376,-748,-801,248,-1168,841,283,1459,1912,-1690,-1344,14,83,-1841,1052,2075,1813,578,299,-256,-885,-1131,-1557,619,242,787,884,351,280,3385,1182,-2426,3027,-517,-3246,780,2247,631,-2729,-2983,-3555,1916,150,1039,284,-1788,-578,-251,1521,289,1171,-513,1463,-1481,-613,2122,524,1277,
-1715,-3834,-2674,-739,-1073,1840,3252,-11,-3156,4065,2926,1252,-4950,-4657,1041,-4025,1440,1334,-2791,-1580,1682,1811,4350,906,541,2050,3003,-1181,-1105,1140,-86,754,3292,2713,-1634,2639,-1883,390,458,-2,1193,-1294,1473,1491,2767,-638,5029,357,2547,-1423,-6118,402,-104,-2213,3928,-2737,3313,-2239,1763,124,-1013,-3815,-228,1221,-900,1234,-2823,828,2169,2346,-1408,-6200,1687,69,1086,758,5350,3939,-3385,-2593,2567,-1491,4771,-2289,3461,-3825,4709,-2396,-1000,-508,5102,1146,-589,-1871,-246,-1419,3350,3904,5184,-134,
660,-441,798,3094,1367,-472,698,1334,0,-2838,402,610,-1639,1243,521,-300,2094,-206,-941,-2523,-256,-868,-1173,505,626,-678,-297,2729,710,1321,-263,203,136,1081,-966,-930,1819,1174,480,1691,1030,371,285,410,377,-2170,1225,-97,8,-51,1316,172,-251,228,-188,-481,-1793,-447,1700,305,-371,-1135,-563,1814,-276,722,-4742,180,74,-729,213,-2293,777,-267,-537,-271,945,2572,-624,-1163,1305,-1345,-174,-1877,1688,-492,-626,-1824,-94,-349,524,381,160,-906,-1423,-2547,-1208,-237,2453,2186,
-1394,1141,468,1912,-481,-1147,-1232,1234,2081,-3220,-2442,1009,1047,3685,-1423,1880,411,-1236,-104,-2671,-2007,-1109,1054,-494,267,66,-2181,-1643,-3125,-2653,-840,-892,89,637,-2125,270,-1669,495,-857,640,1702,3364,-992,647,-2266,-2618,-47,-2019,-1667,-22,-126,-11,-1817,-108,-1269,937,294,-1326,2393,2021,-1200,1178,116,-28,1218,1233,-215,-784,-1545,1366,951,-166,303,67,-294,-185,-2077,1375,1014,3129,486,567,-453,2134,-1618,1457,214,1592,161,-1452,-5028,1002,-453,3066,-2481,-40,-757,-1744,-546,1403,
467,-768,974,828,961,-941,-807,625,616,3,-2321,-862,-1098,-225,-4310,283,-2700,-481,-1252,208,-1062,2038,588,1096,-1488,2841,-1059,-976,1792,-2782,612,-1801,1300,817,-1038,-893,-892,-1950,-1246,2214,-49,-1630,434,194,1077,1038,258,-289,-845,680,-669,2506,-1070,3224,-2951,928,379,-3023,2437,767,928,-375,26,-1125,-1527,-1402,-383,-1687,-3685,225,-334,-2045,-1297,1132,739,-633,424,258,715,167,-979,-1492,-1095,-1219,-1772,-119,1456,1442,121,-702,-247,720,81,3074,434,-281,-1092,-1292,-778,-2014,
353,2882,452,-1037,1214,-1621,-54,-1696,1543,271,-728,-882,692,1106,918,-1074,98,-2800,606,1158,-516,1418,1995,-2528,-116,90,-1934,-1214,2371,-718,-1078,-1270,-568,-2284,1058,1250,-1990,-1147,-784,2168,-3528,-698,-348,-73,963,-77,-92,-3403,-361,1567,1423,-485,873,2668,-3083,992,2103,-1151,-1568,1466,1079,599,-178,-2555,-2052,629,1058,-2124,-1219,-506,-190,1073,-537,1154,-1324,3,22,-734,25,658,-1510,-1435,-3085,1643,766,1098,-1135,1346,-349,-337,-1993,-200,-325,1346,242,644,-2185,284,-2022,305,
-1241,-1170,-856,4326,1069,542,608,-928,235,1065,-773,192,883,524,-2515,88,1182,-4562,-1789,-184,266,-340,1207,-2631,-216,-453,-504,113,-1924,-699,-442,886,1577,626,1700,-308,-1185,-953,-504,683,1454,1321,-3369,-609,869,-1826,-61,-1236,559,-2347,1222,614,154,-472,913,1212,-310,-3766,1245,-81,-1415,-891,58,-1261,673,3300,549,45,-1192,1447,-2507,423,943,-1630,-963,1380,824,4384,-617,2862,381,1393,577,3242,-1237,-1699,-510,971,511,856,918,844,-2199,1859,220,-851,688,570,205,2254,
-293,1198,212,915,640,-2046,-253,-2270,475,-278,839,388,-722,-555,-468,-839,3441,-1385,1334,-3926,814,-188,-3401,-1634,-1869,-805,-871,1937,-266,1305,-1451,-1469,201,-16,856,-2674,365,1191,104,1555,1536,1728,-1468,1103,-135,-2222,-1237,934,1674,-543,-647,737,450,268,-304,-48,704,630,1832,48,-934,-985,1168,2091,881,1526,641,1236,1300,1038,387,-3258,-1569,-443,1253,1254,-1190,1924,541,-825,1725,984,-48,1972,552,3606,-907,-1913,1210,-94,-1027,-2351,1138,-1131,-2059,514,720,-22,92,3481,
-905,1288,-2019,-1512,-961,263,-2260,-729,353,-627,1576,-259,-474,-382,1311,-1361,-2127,1341,958,174,-1015,281,584,-2413,3406,815,-1411,-111,482,-488,-1996,-1409,1205,-187,2960,424,29,-2166,666,-533,-1605,446,-633,-1142,1462,237,450,968,39,-120,-918,-1442,-1197,-1701,2278,-999,2624,2404,-2075,824,341,1754,-2851,-1344,-67,679,-1131,-540,-1038,971,-464,1083,185,-1285,665,-55,984,-994,-529,1626,-857,2892,1523,101,1600,439,-243,-1329,571,2122,-1249,-1523,-597,-2486,-790,2011,-603,159,3209,522,
-402,-49,577,-24,-37,-3488,-1242,-1180,2440,-1661,-1637,-2110,417,2418,-587,1352,1025,100,-1523,-1574,-801,883,823,-897,918,-77,-1339,1050,-2427,-2967,223,925,-1133,217,428,-196,-958,-993,-1870,3248,2045,1490,-923,235,-1944,-361,-1195,-2978,282,264,804,-739,-1817,2048,-2310,1649,-179,2,1565,699,-6,1297,-1090,-528,-520,690,2239,-1526,-817,1076,613,1712,2510,660,-184,-223,-1600,-3176,324,-841,561,-397,-1625,-1753,-1328,1044,-1947,1412,-1425,-52,-1385,-129,-772,384,-286,-440,-1827,-581,-3435,3953,
4616,-1280,-231,-3410,611,1911,1900,836,-1269,1561,-107,2186,-3728,-350,-864,-1062,1561,2058,-951,-1000,1018,1600,-1003,-2199,662,164,-381,-2318,1106,927,1560,4279,-875,1554,-1380,583,539,5244,1480,685,357,-442,1650,-97,-255,1287,69,1431,4247,3145,-877,401,468,512,565,-181,-1798,-398,2349,879,-17,-2657,-1372,-269,-843,-2907,-986,-252,600,-643,-1853,-910,-2336,1618,5,-126,-609,-1233,-1507,-2041,663,292,-766,-3493,-1560,-1746,369,-2674,-939,-2090,2732,-3026,190,98,-96,6,-547,-1110,469,-1226,
-677,-1571,777,-1996,-1247,2824,1065,1915,-1433,811,2165,1453,-72,-1175,-998,-1282,-831,1257,-2284,1342,-438,-1426,2789,2349,-160,-82,1285,501,1169,1700,-1090,1470,202,424,-1098,788,213,536,1031,-4402,-2455,-963,228,1974,136,1782,1325,3642,-470,-291,-1284,-892,98,-3659,2450,-1214,309,292,-2143,106,-512,-2164,-682,2978,1149,-1437,499,1935,2521,-118,2,-1226,-534,1592,2152,-2229,835,2173,370,-1124,-883,1174,1172,-511,467,-2125,2650,-920,329,1266,1720,592,1013,-1756,583,-1658,1470,1508,1757,-781,
1382,465,-825,-2096,1315,2134,2162,852,785,1357,-1680,14,-175,441,656,-112,-2321,-121,1405,361,727,1204,3482,1332,-349,2279,-472,-609,1471,-85,1588,-1940,517,-489,-120,2622,-395,803,190,-185,-2321,-3176,-40,188,-511,1332,-159,-952,-881,824,69,-276,93,-86,-151,824,-105,-441,-1636,442,939,1077,-1124,1,-2221,-228,-657,156,-360,-2426,-693,87,216,86,-1510,1559,-3011,-1758,1612,1425,-1494,-2124,-801,-1239,-1463,-913,-1315,1675,-896,1375,966,1418,-379,2345,1686,-997,-2587,-696,-1758,-1855,
1141,-1255,-1534,3140,-715,1084,207,-1622,-458,-268,-1528,-2868,-1026,-653,-671,1569,-612,-5106,7713,420,1050,4375,5487,928,-761,-1739,158,1634,-393,-1830,-1342,666,-25,-623,-1,-2533,2925,2684,-71,-1805,-2724,-674,1741,108,-468,-174,-3087,-1224,2331,-1673,47,1210,-392,2176,-1150,-2,2863,1093,876,-330,-642,514,427,-365,-1247,-2158,-199,-1243,870,566,-199,-1224,1191,-1184,2802,824,481,1161,-736,995,-8,-799,790,1390,2019,122,134,1178,1663,-891,1778,-4291,846,247,-535,3509,148,1132,-1134,-2230,
-1234,-554,-2187,861,-850,1909,706,345,668,1434,2383,102,27,1549,-3914,945,1822,600,673,-1353,143,-1542,-624,1407,1111,-1911,-890,-940,982,677,-1188,-762,1092,3592,145,619,-1464,-996,247,-239,2092,761,-1114,131,2515,-429,-1038,-135,1170,64,-897,-1115,294,937,1101,436,1213,1731,883,2280,-57,-73,-1917,-669,160,-810,169,-1086,-368,2320,-1071,873,916,-3000,-465,-644,-416,2972,-4967,-962,769,927,891,-623,-1111,1865,1221,-396,-1234,2129,-1031,-169,529,-2170,1022,991,1316,-46,-367,2474,
2512,-3613,-567,-566,-1499,729,1701,168,-1583,1913,256,847,-4403,-2186,-905,-4938,1611,-500,-1643,-813,2706,752,63,-425,863,1457,1422,364,76,925,707,408,2565,2616,-2868,1474,-142,145,357,-948,2728,-1602,601,1488,3109,-782,5093,1454,-435,-1618,-1659,1811,-76,-1152,2613,-2127,2409,954,-58,-289,-600,-2218,-766,1086,-2952,-1534,-3046,220,466,1929,-1678,-3695,3148,895,-1205,2654,3334,2906,-2711,1622,1452,-991,1894,-4911,1446,-1851,3441,-2550,-1549,1784,2277,-2068,2145,-1873,1246,-902,4398,2188,743,-142,
-1298,1945,-1699,-795,-365,412,-2460,-426,359,-840,-1318,910,-420,816,4412,-1470,-52,20,664,1857,-1315,268,211,-1522,1712,988,-370,-297,1821,264,42,-2276,912,411,2132,421,368,1217,1177,-960,-22,-1998,459,-1038,689,369,1966,-348,-732,522,-1034,-1139,-1509,-437,1166,-1219,1875,-961,-1334,-2183,-922,1063,-720,-465,-1495,459,1054,-1303,-208,190,-673,-1257,3040,-3148,-1147,-1079,1052,23,367,-507,-3175,626,-1285,-2116,-1414,455,-435,-555,-1422,-970,-466,-927,513,-2193,979,2136,-160,384,116,373,
1252,-1540,-2480,115,1770,-207,-2970,507,426,235,-69,-1894,408,-1958,-2473,1681,-620,-515,412,-142,1759,1404,209,-952,2165,-745,565,222,639,453,-108,-633,-161,-1737,1101,-1636,487,243,-1200,1088,-398,1771,-295,1594,-189,1697,77,-2030,-2014,-2274,-712,-16,1088,85,-1146,406,2820,1842,1218,-218,-893,-56,-1094,-1297,-1368,-3402,-147,1646,2589,2681,-794,-1321,1173,-2462,1981,-1290,1780,2103,-785,-74,-1587,107,1040,2655,-1357,3627,2424,1582,-581,558,-67,-4588,-6,-517,1172,364,257,2979,-1612,-1727,
1400,1755,-2061,1355,289,386,-921,885,-783,100,1521,-611,-379,81,897,847,1838,-760,-2779,3164,-1558,1392,2774,293,1168,947,-773,-127,1994,-23,1167,116,-2371,-476,1287,3239,-637,423,-2085,-1046,-2336,-2519,1734,594,-1608,-638,-111,-371,-2618,-257,927,-1801,-1737,483,-318,798,3068,982,853,-202,-1193,-2061,-1030,-312,79,-3624,1030,-372,-396,34,-913,679,-810,-582,-1556,865,1295,-3476,750,-2466,1575,-82,-5452,-2508,-1306,-1209,-1469,-1606,50,-606,-2583,357,1189,-1588,-402,1262,-1917,701,-2472,-3348,
-1688,-499,-3995,370,-588,2553,2749,1887,-1766,3198,1138,-291,-551,264,-2072,-1465,-1919,84,486,-1630,-987,2097,-2016,1736,423,-168,2137,-1130,1899,-394,552,-2818,1888,-1027,-272,2296,-1311,113,-1193,-717,-982,-693,530,1648,-308,42,1975,1826,911,-1681,171,2083,-944,1391,705,-2762,-681,201,1134,480,2555,-2193,-1101,-1370,-3831,741,-49,-1389,-1106,-3089,-712,-107,-788,-849,-2103,362,-638,-14,666,466,-1020,-2857,2407,1995,11,-1867,507,1793,550,-1280,-91,3213,-48,-260,605,-3841,-2565,-202,-303,1139,
523,-1652,-1436,-1144,-2353,1832,1200,1250,-1807,2426,-955,2024,915,-2292,1867,-2023,-638,1612,2291,-693,-440,-275,0,-260,581,1970,455,-531,-832,108,2639,1377,424,-1635,-35,1213,-1192,-1928,1233,-3507,553,896,3414,1057,-1563,614,-1321,2752,-247,1126,-2021,-761,34,998,2198,-753,1349,2611,694,-1784,-949,881,-1851,885,1032,-2078,-812,527,2398,-1624,119,-2309,-110,1954,1961,-956,1997,-1836,363,924,650,-539,3698,-4492,-1302,-1673,2943,-1243,-1854,1356,1395,-528,-629,-4551,548,896,-345,703,1311,-61,
-1061,-2355,-4301,2250,997,-957,3394,-995,-655,2409,-889,561,-2,-1815,-775,12,-478,924,1137,-1109,-65,-689,-127,114,243,-2182,-2493,1058,-153,775,-2586,-3133,-3102,-370,1027,-902,-32,-433,-1046,-274,117,1115,-865,-1345,7,-690,334,-558,-1901,-92,-770,2428,2139,1721,911,-1817,159,557,-513,119,-770,-923,-1121,2007,-840,-1362,-560,-490,-470,453,-1682,-1825,-720,-1797,473,442,347,2546,-722,-1197,741,200,2099,3679,-369,81,295,731,1666,-304,1733,-675,1079,1162,-2367,1437,254,1877,-388,-332,
1490,273,-933,-1168,-1532,629,415,-541,1554,1018,-1267,-518,844,890,281,855,-395,1549,-2058,1614,-1131,1559,2772,3133,1369,1831,-570,-2285,2387,-747,1672,505,3164,-1064,1231,1442,-61,-638,-524,1090,-1802,-1079,955,691,-716,1740,-854,-289,-1012,26,1594,-581,-190,2667,-1936,2806,846,-1366,2584,622,1746,23,460,-1179,-1074,-327,105,-344,838,-629,242,-313,531,700,-696,-2273,-782,-329,-234,-684,-1707,-1108,-670,-473,-861,-1399,-3908,2126,-200,-858,-228,1453,1033,355,3188,-1054,-1724,-145,-1518,-2222,
-1216,-472,-346,541,674,782,1767,2020,174,883,-1052,2970,-1876,-758,2994,2351,1476,1283,-1297,-2884,1031,-1443,-2237,-897,-277,-241,-545,1784,-2264,-805,-132,867,-469,2135,601,-1799,85,3333,643,-1537,2846,2114,-5,1813,-65,-429,-325,343,34,-258,59,1747,663,-815,1108,-452,-687,1350,1223,1086,-2817,-1220,-2527,1724,1555,-1506,-426,872,-559,-1596,-420,-1118,2131,1387,1541,835,43,2669,68,-275,1688,407,1834,1401,1387,1016,-1579,-5246,68,-1072,852,-4,1212,159,-665,-144,-1580,883,1014,1054,
-339,-368,342,-1853,884,-2038,-1938,-2018,1246,4896,641,-1821,95,-1423,2841,-721,3113,1683,-986,1853,236,-56,14,-1884,22,-3119,-355,2318,281,708,-286,-2050,-431,1540,272,-2507,-352,1217,-168,1125,433,-1040,-1271,212,393,728,464,-417,-762,635,17,513,1773,1114,593,425,-23,1236,-802,-2378,101,51,879,-1163,-4064,-490,340,-374,-553,-153,-4255,-1313,1233,-29,1570,529,608,-3586,-324,-3691,856,-470,708,-30,2331,2662,1311,-428,-2338,-1253,644,129,2044,-513,-390,1585,1220,1452,642,546,
1364,1989,1229,308,477,738,2303,1547,719,-3477,-1213,-119,-272,2116,-2103,650,-1411,995,-1606,123,-2135,-730,892,541,-282,1126,27,-883,1768,-283,-1058,-1544,-1411,-1100,-1713,1494,-738,-1506,-814,546,27,-229,1149,1276,326,-936,399,-999,1959,-285,-46,-445,182,711,-1277,596,-360,-1409,-3545,4495,-739,-1557,641,-980,2202,-113,1180,-903,-1456,790,1044,2378,-1361,-1697,261,-1210,-812,1282,-228,1057,-1797,1482,-731,1119,-1544,249,-735,1274,867,-2597,-1282,-733,776,4057,728,-1438,-1482,-306,-2130,2164,
2074,-7,731,-108,619,-4195,52,-1426,543,-689,-705,417,1199,14,-2331,1796,-644,-1374,-2629,3626,203,1076,5016,-1393,798,32,1552,-594,-1328,-914,1609,1743,-270,-951,-57,-100,84,-1321,245,-244,-1438,-2850,1198,-2125,-828,1206,-186,-1249,-921,-256,-248,-476,-2804,90,-1274,-1227,-516,-2235,2282,-1858,2169,676,-381,-762,-1892,-1950,-270,266,-154,45,-782,-499,244,1209,-2143,-535,-1345,-3071,-1151,68,-1117,135,371,-2688,277,-1803,-23,1668,2369,-2050,-3689,1565,-889,835,1114,671,1110,493,235,-3270,
2146,-3351,-1006,-2162,-1878,1901,1490,-1334,1596,1339,224,517,-166,-2178,-1228,-512,-428,2688,-1037,-1309,3476,412,-3234,1921,-1647,1495,1087,-1353,-692,-1113,657,1249,409,872,-1530,-144,2259,814,-1165,-437,92,-2615,68,3078,1323,177,871,2487,-796,-1037,805,5006,1603,556,-630,1920,-1991,1923,1426,-1580,-83,-1360,-2804,1342,4212,811,-520,-496,-254,2146,-269,1093,387,2114,2386,775,-1234,-2119,-2489,-543,1343,2924,48,-5244,1157,1493,-1246,823,1099,-216,-29,-3939,1246,-684,-712,-1167,15,419,1146,2264,
516,595,1184,141,-252,-435,610,-823,233,-453,400,-291,1526,713,-239,372,-2050,43,2110,2308,-745,219,1281,-212,-1797,692,-624,-986,1937,1243,92,460,-787,-871,1090,-1707,617,-1624,-544,-1342,-1468,-395,-358,1,1291,-341,104,-767,-665,369,2878,-587,-1359,-648,-1434,-187,-671,-821,-3256,-464,2154,1669,577,-2782,-310,562,2474,-1709,685,-1897,-1691,-167,-2698,-1920,-287,-732,1066,-379,-721,894,-2052,-3549,777,-752,-2559,2414,-633,1564,915,-106,783,1792,-4965,3380,49,2061,-1414,-346,-333,-1560,
-405,-1727,-929,1020,94,1816,1276,-15,1202,1789,1851,-1502,-1917,384,-16,1249,-254,2172,-479,-1052,1027,436,-2466,885,-654,-2405,-281,555,-2055,1521,-1340,-794,-3271,1068,-571,-93,505,488,1190,-471,1507,1324,-451,1480,-774,-674,-2000,-39,-1549,341,-288,190,1922,-785,3523,-268,-2862,3657,-2335,-833,-2453,72,-729,-1939,4244,-1877,-218,-420,514,-1104,-635,-1307,436,0,-3243,1303,-515,950,480,-331,-17,-430,2792,1571,-858,119,-582,1613,673,356,313,-1099,735,-3224,108,408,-1718,1595,238,2440,
-1076,-1306,619,1356,80,-1138,1781,-793,-780,-354,-495,288,1087,-359,-2988,1013,-990,-1130,-750,-1391,-289,935,-701,-971,-2271,706,1181,-625,-2278,-933,-593,2930,-1004,-979,420,399,-2051,-1571,-79,-630,903,2983,560,2909,-2755,-890,239,457,-482,-472,-413,554,549,76,-655,-698,-3627,-2433,124,385,-725,-148,1423,1954,-721,-527,-792,4,-978,-58,1314,55,-1957,1740,1715,925,-1198,1481,216,1421,-254,680,2442,1741,-306,1208,742,1807,1112,274,-15,1381,-3660,2618,-704,-3025,237,835,1430,1723,
1338,4200,1567,-194,-139,832,-69,-1625,186,1287,1652,171,-440,-18,614,-452,1349,-1198,931,1550,-1772,1045,2610,379,72,898,960,1741,1965,1171,-213,-2634,160,-2234,298,-372,221,141,731,578,-1919,-1486,130,981,2207,-140,-1712,-298,-404,-1664,800,-1007,1371,325,187,-272,323,-3198,-1352,-2785,1541,1618,2814,-214,-2086,-907,-482,498,-236,-1669,577,-936,-1418,-2459,-1005,29,1747,2033,-786,2,-1420,-2444,-2589,-93,725,-250,1055,-2821,-189,-1345,-230,-112,-2087,-1021,2338,-2323,1173,-48,2814,-1493,
619,1078,-2403,-2151,-445,-266,107,-1753,-132,2894,-1931,-1578,1487,173,-429,-777,861,-337,-1534,1959,612,311,2972,97,1638,1980,56,-2318,-628,1493,2332,-232,3437,-263,181,1730,-1183,-1134,-1654,168,-2111,443,1808,263,-61,1125,-611,1349,-876,828,-238,-102,-795,1938,-1603,1651,4462,-2564,913,1696,416,-543,-1092,-610,-1999,-1216,1042,-802,-1212,847,-128,1009,-1303,1627,1464,226,1021,-247,-1110,-31,-1827,-1633,1453,168,-1421,-259,650,-234,100,570,-153,219,237,590,232,766,-3503,323,-2420,-1263,
803,516,861,-1453,-604,1142,-1334,1181,1147,-1193,-318,-523,1380,1207,-125,2240,-1676,1595,-2891,877,-1286,1323,2288,2583,991,2503,538,-276,-1326,-3402,661,-1484,-461,355,-925,2562,-1970,-969,-310,-2604,-1709,-3033,1004,-1328,-1425,1875,1029,-999,-3824,208,22,-339,-1595,955,278,1802,-2128,1076,698,344,1099,-545,-326,133,-1996,809,1581,1893,-95,-471,760,-91,346,1830,-52,-1210,-2125,-894,204,-931,-1550,-2512,-1317,-1095,415,-1535,-1784,793,987,-833,-1812,-268,31,1810,1160,-1246,-2905,-3416,-2365,-831,
1760,221,-1431,-1000,968,-19,-1240,-2898,-395,803,1254,837,-438,-34,-924,-1610,-1162,-3333,-205,2314,2210,1495,2686,-1281,-776,1239,-244,-2427,-158,1326,357,1305,683,-2152,-1298,-836,1748,-4843,-2526,1547,-957,-804,-757,1974,844,941,-28,-683,-679,-882,-1297,1944,-1699,2112,-612,88,-565,-2059,494,680,1058,263,-1469,1595,-387,141,-2556,-1146,654,1695,958,1459,-1833,136,641,-1601,1173,-2150,-38,690,1027,906,2041,-826,284,217,983,-86,1041,587,-2275,-539,125,-1097,2940,-942,1203,-317,-3490,-327,
-1802,-912,-259,-422,1835,-4755,-42,-1198,-704,-1113,-279,-220,-1606,647,-1713,927,999,-73,-1140,-1868,188,-1000,-2195,-490,-1313,-881,-1146,3874,-1437,1304,901,96,-1008,2669,876,493,-43,-3430,-1988,-693,554,2115,-1969,-8,213,-2036,1513,3160,823,-50,-1318,1456,2067,-723,876,-288,-1223,1928,-981,-132,-2144,-1192,-1071,1588,1060,390,-1033,476,-483,-1386,-1363,128,-1479,-784,1897,829,-481,163,-2746,-269,-1488,45,1060,-830,-597,823,-584,1294,-431,242,831,-1707,966,-162,-3205,1633,787,472,-1098,1045,
